150
180
-2
150
180
-1
180
180
-2
200
300
-3
100
-1
50
50
-2
0
70
-3
30
-2
30
0
-3
20
20
-1
100
200
300
-2
200
300
100
-2
0
50
0
-3
200
200
-2
100
0
100
-3
0
200
-2
0
200
0
-3
0
0
200
-1
60
80
120
-2
0
90
0
120
-3
150
-2
30
0
50
0
-3
80
-2
0
160
0
0
-3
0
100
-2
0
0
160
180
-3
0
0
90
-2
50
0
0
0
-3
0
0
50
180
-1
300
-2
0
100
0
0
0
-3
100
-2
0
0
200
0
0
-3
120
-2
0
0
0
100
0
-3
100
-2
50
50
50
0
0
-3
0
100
150
-2
70
0
0
70
0
-3
0
0
0
90
-2
0
0
100
0
200
-3
0
0
0
0
300
-2
0
150
0
0
100
-3
0
0
0
0
500
50
-2
250
0
30
80
200
-3
0
0
0
0
0
0
200
200